2449767.00     -34.78     5.15     Hamilton2016
2449768.98     -52.34     2.59     Hamilton2016
2449793.96     251.17     01.06     Hamilton2016
2450087.93     -87.52     2.22     Hamilton2016
2450089.02     -92.34     2.10     Hamilton2016
2450089.97     -88.37     1.79     Hamilton2016
2450091.09     -93.48     02.06     Hamilton2016
2450121.04     -39.51     02.02     Hamilton2016
2450122.03     -44.60     2.24     Hamilton2016
2450125.00     -17.08     1.61     Hamilton2016
2450125.86     -13.79     2.71     Hamilton2016
2450127.04     -5.93     2.23     Hamilton2016
2450129.04     18.39     1.62     Hamilton2016
2450144.95     280.47     1.85     Hamilton2016
2450145.95     304.24     2.60     Hamilton2016
2450148.97     389.78     1.94     Hamilton2016
2450150.93     446.72     1.72     Hamilton2016
2450172.91     205.17     2.00     Hamilton2016
2450173.89     182.17     2.50     Hamilton2016
2450179.78     89.91     02.08     Hamilton2016
2450180.77     74.02     1.39     Hamilton2016
2450186.83     22.00     1.91     Hamilton2016
2450199.82     -60.93     1.68     Hamilton2016
2450200.84     -68.84     1.77     Hamilton2016
2450201.83     -65.16     1.98     Hamilton2016
2450202.83     -71.64     1.74     Hamilton2016
2450214.78     -104.73     1.77     Hamilton2016
2450234.80     -50.48     1.92     Hamilton2016
2450263.67     330.24     1.81     Hamilton2016
2450502.98     483.62     2.21     Hamilton2016
2450537.88     -3.66     2.31     Hamilton2016
2450563.75     -76.58     2.47     Hamilton2016
2450614.76     356.83     1.73     Hamilton2016
2450655.69     -12.83     2.32     Hamilton2016
2450794.06     -90.60     1.91     Hamilton2016
2450978.77     481.61     02.03     Hamilton2016
2451005.71     -7.34     3.00     Hamilton2016
2451207.01     533.56     2.80     Hamilton2016
2451303.82     117.55     2.66     Hamilton2016
2451700.74     38.16     2.78     Hamilton2016
2451969.95     -84.68     3.42     Hamilton2016
2452041.83     166.38     1.89     Hamilton2016
2452055.79     -3.45     1.90     Hamilton2016
2452072.72     -87.87     1.99     Hamilton2016
2452122.70     143.27     2.45     Hamilton2016
2452333.97     -54.87     2.92     Hamilton2016
2452334.95     -52.51     3.28     Hamilton2016
2452335.96     -64.43     2.38     Hamilton2016
2452338.96     -33.24     2.70     Hamilton2016
2452345.94     20.89     2.17     Hamilton2016
2452348.96     44.46     1.94     Hamilton2016
2452427.76     -109.49     2.74     Hamilton2016
2452428.81     -121.46     2.13     Hamilton2016
2452449.73     -72.40     02.03     Hamilton2016
2452723.94     531.14     2.16     Hamilton2016
2452796.72     -87.38     1.30     Hamilton2016
2453021.07     -100.56     2.75     Hamilton2016
2453022.02     -105.06     2.63     Hamilton2016
2453069.88     458.99     2.31     Hamilton2016
2453080.95     428.23     1.53     Hamilton2016
2453102.87     0.87     2.23     Hamilton2016
2453130.82     -104.12     1.64     Hamilton2016
2453162.71     01.09     1.69     Hamilton2016
2453363.05     -101.21     2.43     Hamilton2016
2453389.07     -48.49     2.40     Hamilton2016
2453391.00     -52.59     2.45     Hamilton2016
2453392.05     -41.02     2.32     Hamilton2016
2453393.02     -28.93     2.33     Hamilton2016
2453403.05     73.08     2.27     Hamilton2016
2453436.90     267.59     2.51     Hamilton2016
2453438.94     213.17     2.43     Hamilton2016
2453440.88     183.30     2.53     Hamilton2016
2453441.99     171.76     2.34     Hamilton2016
2453475.83     -81.16     2.41     Hamilton2016
2453476.79     -87.50     2.56     Hamilton2016
2453477.81     -96.66     2.31     Hamilton2016
2453478.84     -98.47     2.43     Hamilton2016
2453479.85     -93.52     2.54     Hamilton2016
2453501.83     -69.88     2.59     Hamilton2016
2453565.71     47.25     2.55     Hamilton2016
2453753.02     100.56     3.35     Hamilton2016
2453756.08     129.51     2.70     Hamilton2016
2453773.99     509.59     2.44     Hamilton2016
2453843.88     -86.01     2.30     Hamilton2016
2454134.03     346.09     2.30     Hamilton2016
2454169.94     -86.28     2.38     Hamilton2016
2454196.86     -86.55     2.29     Hamilton2016
2454219.84     88.70     2.56     Hamilton2016
2454253.74     259.37     1.45     Hamilton2016
2454254.74     254.63     2.71     Hamilton2016
2454547.96     -82.80     2.32     Hamilton2016
2454574.87     161.60     2.18     Hamilton2016
2454864.07     -64.80     2.63     Hamilton2016
2455229.04     -90.23     2.81     Hamilton2016
2455312.80     113.38     1.58     Hamilton2016
2455577.02     -94.55     2.32     Hamilton2016
2455602.95     -54.14     02.05     Hamilton2016
2455603.92     -45.35     2.55     Hamilton2016
2453933.82     -123.48     0.61     HIRES
2454085.17     -195.65     0.67     HIRES
2454130.12     328.50     0.57     HIRES
2454131.12     299.51     0.60     HIRES
2454139.10     98.53     0.64     HIRES
2454641.85     -228.39     1.17     HIRES
2454807.16     18.70     1.46     HIRES
2454809.17     55.13     1.34     HIRES
2454811.17     104.01     1.16     HIRES
2454839.14     91.26     1.28     HIRES
2454865.09     -191.57     1.14     HIRES
2454866.07     -201.37     1.27     HIRES
2454868.11     -206.23     1.42     HIRES
2454927.00     77.51     1.34     HIRES
2454963.77     -46.88     1.35     HIRES
2454983.92     -204.20     1.42     HIRES
2454984.94     -203.07     1.25     HIRES
2454985.94     -208.13     1.18     HIRES
2454986.93     -208.85     1.26     HIRES
2454987.93     -214.14     1.14     HIRES
2454988.87     -217.37     1.44     HIRES
2455016.74     -196.09     1.22     HIRES
2455042.73     66.63     1.24     HIRES
2455043.74     85.00     1.32     HIRES
2455044.78     108.66     1.15     HIRES
2455188.17     123.65     1.19     HIRES
2455189.17     97.21     1.31     HIRES
2455198.18     -59.42     1.19     HIRES
2455199.18     -67.77     1.11     HIRES
2455256.95     -173.52     1.28     HIRES
2455286.02     306.91     1.35     HIRES
2455311.81     -21.59     1.26     HIRES
2455312.80     -29.37     01.08     HIRES
2455314.85     -63.62     1.23     HIRES
2455375.75     -157.40     1.18     HIRES
2455405.74     386.16     01.05     HIRES
2455585.19     -231.70     1.13     HIRES
2455607.18     -171.26     1.27     HIRES
2455636.97     340.95     0.62     HIRES
2455706.73     -229.64     01.05     HIRES
2455707.73     -228.39     1.21     HIRES
2455731.94     -104.58     1.36     HIRES
2455792.72     -165.55     0.72     HIRES
2455993.03     391.37     0.80     HIRES
2455995.03     368.45     1.68     HIRES
2456145.73     -177.19     1.17     HIRES
2456319.01     -61.73     0.65     HIRES
2456488.73     -133.35     1.10     HIRES
2456637.17     -230.54     1.18     HIRES
2456675.19     32.55     1.18     HIRES
2456828.77     -14.26     01.08     HIRES
2456883.73     -199.57     1.31     HIRES
2456888.72     -179.45     1.29     HIRES
2456892.72     -158.26     1.24     HIRES
2447195.03     -88.95     7.40     Hamilton2006
2447224.85     116.30     5.80     Hamilton2006
2447373.72     84.50     5.30     Hamilton2006
2447578.90     204.10     9.30     Hamilton2006
2447710.75     400.00     11.00     Hamilton2006
2447965.00     -25.00     12.00     Hamilton2006
2448018.85     -159.00     13.00     Hamilton2006
2448376.80     -95.00     12.00     Hamilton2006
2448437.75     -83.00     12.00     Hamilton2006
2448670.99     -103.70     8.80     Hamilton2006
2448746.69     246.50     9.50     Hamilton2006
2448781.78     -31.60     7.40     Hamilton2006
2448847.67     -65.00     11.00     Hamilton2006
2448993.08     415.80     9.90     Hamilton2006
2449068.92     -136.30     7.10     Hamilton2006
2449096.87     242.00     7.50     Hamilton2006
2449124.78     68.60     7.40     Hamilton2006
2449172.70     -168.00     11.00     Hamilton2006
2449349.09     277.00     11.00     Hamilton2006
2449411.97     -156.00     11.00     Hamilton2006
2449469.81     188.00     13.00     Hamilton2006
2449767.00     -153.90     5.10     Hamilton2006
2449768.98     -141.00     5.30     Hamilton2006
2449793.96     154.50     2.10     Hamilton2006
2450087.93     -187.40     4.40     Hamilton2006
2450089.02     -190.30     4.50     Hamilton2006
2450089.97     -187.90     3.90     Hamilton2006
2450091.09     -188.90     4.20     Hamilton2006
2450121.04     -137.50     4.20     Hamilton2006
2450122.03     -135.80     4.70     Hamilton2006
2450125.00     -111.20     3.20     Hamilton2006
2450125.86     -105.50     5.40     Hamilton2006
2450127.04     -105.00     4.70     Hamilton2006
2450129.04     -83.30     3.40     Hamilton2006
2450144.95     180.50     3.70     Hamilton2006
2450145.95     201.60     5.40     Hamilton2006
2450148.97     291.40     3.90     Hamilton2006
2450150.93     352.00     3.30     Hamilton2006
2450172.91     108.10     4.30     Hamilton2006
2450173.89     80.10     5.30     Hamilton2006
2450179.78     -3.70     4.30     Hamilton2006
2450180.77     -19.60     2.70     Hamilton2006
2450186.83     -77.10     4.00     Hamilton2006
2450199.82     -152.30     3.50     Hamilton2006
2450200.84     -164.50     3.80     Hamilton2006
2450201.83     -164.80     3.80     Hamilton2006
2450202.83     -167.60     3.70     Hamilton2006
2450214.78     -199.40     3.40     Hamilton2006
2450234.80     -141.00     4.00     Hamilton2006
2450263.67     237.30     3.40     Hamilton2006
2450502.98     387.10     4.60     Hamilton2006
2450537.88     -105.70     4.10     Hamilton2006
2450563.75     -172.80     5.20     Hamilton2006
2450614.76     261.40     3.50     Hamilton2006
2450655.69     -104.60     5.00     Hamilton2006
2450794.06     -189.40     3.90     Hamilton2006
2450978.76     381.90     4.20     Hamilton2006
2451005.71     -102.40     6.00     Hamilton2006
2451207.01     444.30     5.20     Hamilton2006
2451303.82     22.00     5.70     Hamilton2006
2451541.04     92.30     5.80     Hamilton2006
2451700.74     -44.60     5.30     Hamilton2006
2451946.03     -146.30     4.80     Hamilton2006
2451969.95     -183.70     6.40     Hamilton2006
2452041.83     70.30     3.80     Hamilton2006
2452055.79     -98.20     3.50     Hamilton2006
2452072.72     -179.70     4.10     Hamilton2006
2452122.70     48.20     4.90     Hamilton2006
2452333.97     -151.10     5.60     Hamilton2006
2452334.95     -149.50     6.40     Hamilton2006
2452338.96     -132.80     5.10     Hamilton2006
2452345.94     -80.30     4.20     Hamilton2006
2452348.97     -54.30     3.90     Hamilton2006
2452449.73     -156.90     4.00     Hamilton2006
